01019000
01022500
01033000
01038000
01049500
01060000
01064801
01068910
01069500
01072800
01073000
01073319
01073500
01073587
01074520
01075000
01076000
01077400
01078000
01082000
01085000
01086000
01089500
01091000
01091500
01093852
01094000
01094400
01094500
01095220
01095375
01096000
01097000
01097300
01100505
01100561
01100600
01100627
01101000
01101500
01102000
01102500
01103280
01103500
01104200
01104430
01104460
01104475
01104500
01105000
01105500
01105554
01105600
01105638
01105880
01105917
01105933
01108000
01109000
01109060
01109070
01109403
01109730
01110000
01111212
01111300
01111500
01114000
01114500
01115098
01115187
01115630
01116000
01116500
01116905
01117000
01117350
01117370
01117468
01117500
01117800
01118000
01118300
01121000
01122000
01123000
01123360
01123600
01124000
01124151
01125000
01125500
01127500
01133000
01134500
01135150
01137500
01139000
01139800
01142500
01150900
01151500
01152500
01153000
01153550
01155500
01157000
01158000
01160350
01162000
01162500
01163200
01166500
01168500
01169000
01169900
01170100
01171500
01172500
01173000
01173500
01174500
01174565
01175500
01175670
01176000
01179500
01181000
01184100
01184490
01185500
01186000
01186500
01187300
01187800
01188000
01188090
01191000
01192500
01192883
01193500
01194000
01194500
01195100
01195490
01196500
01196561
01196620
01197000
01197500
01198000
01199050
01200000
01202501
01203600
01203805
01204000
01206900
01208500
01208873
01208925
01208950
01208990
01209700
01209901
01303000
01303500
01304500
01305000
01305500
01306460
01308500
01309500
01309950
01310500
01311500
01312000
01315000
01330000
01331500
01332500
01333000
01334000
01336000
01343060
01348000
01349000
01349150
01349700
01349705
01349711
01349810
01349950
01350000
01350035
01350080
01350120
01350140
01350180
01360640
01362200
01362370
01362500
01363382
01367500
01372500
01374505
01374531
01374559
01374890
01374901
01374930
01374941
01377370
01377500
01378500
01379000
01379500
01379530
01379773
01379780
01381000
01381400
01381500
01381800
01381900
01382500
01383500
01384500
01386000
01387420
01387500
01388000
01389550
01390450
01390500
01391500
01393450
01394500
01395000
01396500
01396660
01397000
01398000
01398500
01399500
01399670
01400000
01401000
01401650
01402000
01403150
01403400
01403540
01403900
01405030
01405400
01406050
01407290
01407500
01407705
01408000
01408029
01408120
01408500
01409280
01409400
01409810
01410000
01410150
01411000
01411300
01411500
01412800
01413088
01413398
01413408
01413500
01414500
01415000
01417000
01419500
01420500
01421610
01421618
01421900
01422500
01422747
01423000
01427500
01428000
01429500
01430000
01431500
01432900
01433500
01434017
01434025
01434498
01435000
01436000
01436690
01439500
01440000
01440400
01440485
01442500
01443280
01443500
01445000
01446000
01446775
01446776
01447500
01447680
01447720
01447800
01449360
01449800
01450500
01451500
01451650
01452000
01452500
01457000
01459500
01463620
01464000
01464500
01464645
01464750
01464907
01465500
01465798
01465850
01466500
01466900
01467000
01467042
01467048
01467081
01467086
01467087
01467150
01468500
01469500
01470500
01470779
01470960
01471000
01471875
01472157
01472198
01472199
01472620
01472810
01473000
01473169
01473900
01474000
01475510
01475530
01475548
01475850
01476480
01477000
01477120
01477800
01478000
01478120
01478245
01478650
01479000
01479820
01480000
01480015
01480300
01480400
01480500
01480617
01480675
01480685
01480700
01480870
01481000
01481500
01482500
01483155
01483200
01483700
01484100
01484525
01485000
01485500
01486000
01487000
01488500
01490000
01491000
01491500
01492500
01493000
01493500
01494850
01495000
01500000
01505000
01509000
01510000
01514000
01516350
01516500
01518000
01518862
01520000
01521500
01523500
01524500
01525500
01525981
01527500
01532000
01534300
01534500
01536000
01538000
01539000
01541000
01541200
01541500
01542810
01543000
01544000
01544500
01545000
01545600
01546400
01546500
01547100
01547200
01547500
01547700
01547950
01549500
01550000
01552500
01553700
01555000
01555500
01556000
01557500
01558000
01560000
01564500
01565000
01566000
01567500
01568000
01571184
01571500
01572025
01572190
01573000
01573825
01573849
01575500
01576500
01576787
01578475
01580000
01580520
01581500
01581649
01581700
01581752
01581810
01581830
01581870
01581920
01581960
01582000
01582500
01583100
01583500
01583580
01583600
01584050
01584500
01585090
01585100
01585200
01585500
01586000
01586210
01586610
01589000
01589100
01589197
01589290
01589300
01589330
01589352
01589440
01589500
01589795
01591000
01591400
01591610
01591700
01592500
01593500
01594000
01594440
01594526
01595300
01595500
01595800
01596500
01597500
01599000
01601000
01601500
01604500
01605500
01606000
01607500
01608000
01609000
01613050
01613095
01613525
01613900
01614000
01615000
01616100
01616500
01617000
01617800
01619000
01619500
01620500
01621050
01622000
01625000
01626000
01626850
01627500
01632000
01632082
01632900
01634500
01635500
01636316
01636690
01637500
01638350
01638420
01638480
01639000
01639500
01643395
01643500
01643590
01643700
01643805
01643880
01644000
01644280
01644371
01644375
01644380
01645000
01645704
01645762
01646000
01646305
01647850
01649150
01649190
01649500
01650500
01650800
01651800
01652500
01653000
01653600
01654000
01656000
01656903
01658000
01658500
01660400
01660920
01661050
01661500
01662800
01663500
01665500
01666500
01669000
01669520
01671100
01673550
01673800
01674000
02011400
02011460
02011470
02011490
02011500
02011800
02013000
02014000
02015700
02017500
02018000
02018500
02020500
02021500
02022500
02024915
02027000
02027500
02028500
02030000
02030500
02031000
02032250
02032640
02036500
02038850
02039000
02039500
02041000
02042500
02044500
02046000
02047500
02051000
02053200
02053800
02054500
02054530
02055000
02055100
02056650
02056900
02058400
02059500
02061500
02064000
02065500
02068500
02069700
02070000
02070500
02071530
02072000
02072500
02073000
02074500
02077200
02077670
02079640
02081500
02082950
02084557
02085000
02085070
02085500
02086849
02087275
02087324
02087359
02087580
02088000
02088383
02088500
02090380
02091000
02092500
02093000
02093800
02093877
02094659
02094770
02094775
02095000
02095181
02095271
02095500
02096846
02097280
02097314
02097464
02097517
02099000
02100500
02101726
02101800
02102908
02103000
02104220
02111000
02111180
02111500
02113850
02114450
02118000
02118500
02120780
02121500
02123500
02124080
02128000
02130840
02130900
02130910
02131472
02132320
02133500
02133624
02134480
02137727
02138500
02140991
02142000
02142654
02142900
02142914
02143000
02143040
02143500
02144000
02146110
02146211
02146285
02146300
02146315
02146348
02146381
02146470
02146507
02146530
02146562
02146600
02146700
02146800
02147500
02149000
02150495
02152100
02152474
02153590
02153700
02154500
02154790
02155500
02156999
02157470
02157490
02157510
02158408
02160000
02160326
02160381
02160390
02162093
02162350
02162500
02164000
02164110
02165200
02167450
02167582
02169570
02172300
02173212
02174250
02176500
02177000
02178400
02181580
02186000
02188600
02192500
02193340
02193500
02195320
02196835
02197020
02197300
02197598
02198100
02198690
02201000
02202600
02203655
02204070
02204130
02204285
02206500
02207120
02207185
02207220
02207335
02207385
02207400
02207418
02207435
02207448
02208150
02208450
02211375
02212600
02213500
02215100
02216180
02217274
02217297
02217475
02217770
02218565
02219000
02220900
02221525
02228500
02231396
02231600
02234308
02234324
02234344
02234400
02234990
02235000
02245500
02246000
02248000
02266200
02266205
02274005
02274010
02295013
02296260
02297310
02298110
02298488
02298530
02298554
02298608
02298760
02298830
02298880
02299950
02300018
02300075
02300210
02300300
02300700
02301750
02301900
02301990
02302010
02303205
02303350
02303420
02303800
02306647
02306774
02307000
02307359
02307668
02309415
02309421
02310000
02310525
02312200
02312667
02321000
02322700
02326000
02327100
02329342
02329500
02329600
02330450
02331000
02331600
02333500
02334480
02334578
02334620
02334885
02335350
02335580
02335700
02335757
02335870
02335910
02336120
02336240
02336300
02336360
02336410
02336526
02336635
02336728
02336968
02337000
02337040
02337410
02337498
02337500
02338523
02338660
02339495
02341800
02342500
02342850
02343225
02343940
02344350
02344396
02344478
02344500
02344605
02344620
02344630
02344700
02346310
02349900
02350600
02351500
02351890
02353265
02353400
02354500
02359500
02367310
02368500
02369800
02370000
02370500
02374500
02374745
02374950
02376115
02376500
02377570
02378300
02378500
02379500
02380500
02381090
02381600
02382200
02384500
02384540
02385500
02387600
02388320
02388350
02388975
02389150
02390000
02390140
02391540
02391840
02392360
02392780
02392950
02392975
02393419
02395120
02398000
02398300
02399200
02400100
02400680
02401000
02401390
02403310
02405500
02406500
02407514
02408540
02411930
02413000
02413210
02415000
02418230
02418760
02419000
02421000
02422500
02423130
02423380
02423397
02423400
02423414
02423425
02423496
02423500
02423555
02423630
02427250
02430085
02430680
02435020
02438000
02442500
02449882
02450000
02450250
02450825
02453000
02455000
02455185
02455980
02456000
02457595
02458450
02458600
02461500
02462000
02464000
02465292
02465493
02469800
02470072
02471001
02471078
02472500
02472850
02475500
02476500
02476600
02479130
02479155
02479945
02479980
02480002
02481000
02481510
02483000
02484000
02492343
02492360
03007800
03010655
03011800
03015500
03017500
03020500
03021350
03021520
03022540
03022554
03026500
03027500
03028000
03028500
03034000
03034500
03036000
03038000
03039000
03042000
03042280
03042500
03045000
03047000
03049800
03050000
03052000
03052500
03053500
03056250
03058500
03061500
03062500
03065000
03066000
03067510
03068800
03070500
03072000
03073000
03074500
03075500
03076500
03076600
03078000
03079000
03080000
03085500
03090500
03091500
03092090
03092460
03093000
03095500
03102500
03106000
03108000
03110000
03110830
03111500
03111548
03112000
03113990
03115400
03116000
03116077
03117500
03118000
03118500
03120500
03124500
03126000
03127000
03127500
03128500
03136500
03140000
03141500
03141870
03144000
03144816
03145000
03145483
03149500
03151400
03154000
03157000
03159540
03161000
03165000
03167000
03170000
03173000
03175500
03177710
03180500
03185000
03186500
03187500
03190000
03191500
03194700
03198350
03199000
03201000
03202400
03202750
03204500
03205470
03206600
03207800
03207965
03208950
03210000
03212750
03212980
03217000
03220000
03223425
03228300
03228500
03228750
03228805
03237280
03238140
03238745
03238772
03241500
03248300
03250100
03250190
03251200
03254550
03260015
03260050
03260100
03262001
03272700
03277075
03277130
03277300
03281100
03282040
03282500
03283500
03285000
03287600
03288100
03289000
03289193
03289200
03289300
03291000
03292470
03292474
03292480
03292500
03293000
03293500
03293530
03295400
03295890
03297800
03297900
03298000
03298150
03298200
03298250
03298300
03298550
03301900
03302000
03302030
03302050
03303300
03305000
03307000
03310300
03310400
03313700
03318800
03320500
03329700
03330500
03333450
03333700
03334500
03336900
03337000
03337100
03339280
03342500
03343400
03347000
03348350
03349210
03349510
03350700
03351072
03351310
03351500
03352500
03352988
03353120
03353200
03353500
03353600
03353620
03353700
03353800
03357330
03357350
03358000
03361650
03361850
03362000
03363500
03364200
03364500
03366500
03378000
03378635
03382100
03383000
03384450
03400800
03401000
03403910
03404900
03408500
03409500
03413200
03415000
03416000
03418000
03424730
03426470
03427500
03428200
03431060
03431300
03431599
03431700
03432350
03432400
03436690
03439000
03441000
03443000
03446000
03450000
03451000
03453000
03455500
03456100
03456500
03456991
03459500
03460000
03463300
03466208
03470000
03471500
03473000
03474000
03475000
03478400
03479000
03488000
03491000
03491544
03497300
03498500
03498850
03500000
03504000
03505550
03508050
03510577
03512000
03518500
03529500
03531500
03535000
03535400
03539600
03539778
03543500
03544970
03550000
03550500
03558000
03559500
03565500
03566420
03568933
03572900
03574500
03575100
03576250
03576500
03578500
03586500
03588500
03591800
03592000
03593800
03596000
03597590
03602500
03605078
03606500
03610200
03611260
03612000
04025500
04027500
04031000
04036000
04037500
04041500
04043238
04043244
04046000
04058100
04060500
04060993
04063700
04073462
04073473
04078500
04087159
04087204
04087214
04087220
04087240
04087257
04093000
04094000
04095300
04096015
04096405
04096515
04097540
04099510
04100222
04101370
04101800
04102500
04102700
04104945
04105000
04105700
04106320
04106400
04108600
04108800
04109000
04111379
04112500
04114498
04115265
04118500
04121300
04121944
04122100
04125460
04126740
04126970
04127800
04127997
04128990
04146000
04146063
04148140
04150500
04153500
04159900
04160600
04161000
04161820
04163400
04164100
04164300
04164500
04166500
04167000
04168580
04173500
04174518
04179520
04180000
04184500
04185440
04186500
04188337
04188400
04188433
04188496
04189000
04196000
04196500
04196800
04197100
04199000
04199155
04199500
04201500
04202000
04207200
04208460
04209000
04213000
04213075
04214500
04215000
04215500
04216418
04217000
04218000
04218518
04221000
04224775
04227000
04227995
04229500
04230380
04230500
04231000
04232034
04232050
04232482
04233300
04235250
04239000
04240010
04243500
04250200
04250750
04252500
04256000
04262000
04262500
04268800
04271815
04273700
04275000
04276500
04280000
04280450
04282000
04282525
04282650
04282780
04282795
04285500
04287000
04288225
04288230
04289000
04292000
04292810
04296000
04296500
05014500
05017500
05124480
05288705
05331833
05342000
05345000
05370000
05382255
05382257
05382325
05387440
05389000
05389400
05394500
05406500
05412400
05414820
05416900
05419000
05420680
05425912
05427948
05430150
05433000
05435943
05438283
05439000
05444000
05448000
05451700
05454000
05454090
05454220
05454300
05455100
05458000
05467000
05470500
05471200
05473450
05481950
05483450
05484800
05485605
05486000
05487980
05488200
05489000
05495500
05498700
05501000
05502000
05502300
05503800
05504800
05506100
05506350
05506800
05507600
05508805
05514840
05514860
05522500
05527800
05527950
05528000
05528500
05529000
05529500
05530000
05530990
05531300
05531500
05532000
05533000
05533400
05534500
05535000
05535070
05535500
05536000
05536215
05536235
05536255
05536275
05536340
05536500
05537500
05539000
05539900
05540060
05540095
05540130
05540160
05540195
05540250
05540275
05540500
05541710
05543830
05544200
05548280
05549000
05550300
05550500
05551200
05551330
05551675
05551700
05556500
05560500
05561500
05564400
05568800
05570910
05577500
05579500
05579725
05580000
05580950
05587900
05588000
05591550
05591700
05592575
05592800
05592900
05593575
05593900
05594450
05595200
05595730
05595820
06033000
06036805
06036905
06037100
06050000
06061500
06062500
06078500
06079000
06090500
06131200
06190540
06191000
06204050
06204070
06221400
06224000
06228350
06289000
06295113
06309200
06318500
06344600
06402000
06402500
06404000
06408700
06430770
06430850
06431500
06436190
06449000
06466400
06600100
06610795
06614800
06622700
06709000
06710150
06716100
06716500
06746110
06751150
06769000
06769525
06794650
06800000
06803000
06803080
06803170
06803486
06803510
06803520
06803530
06804000
06806500
06814000
06819185
06821080
06821150
06853800
06869950
06871500
06878000
06879650
06884200
06888000
06888500
06889160
06889200
06889500
06891260
06892360
06892495
06892513
06893080
06893100
06893150
06893300
06893390
06893500
06893557
06893578
06893970
06894200
06895000
06896000
06897000
06900050
06903400
06903700
06906000
06906150
06909500
06910230
06910800
06911000
06911490
06911900
06912500
06914000
06914950
06914990
06915000
06917000
06917630
06918440
06918460
06918493
06918740
06921070
06921200
06921590
06923250
06927000
06928300
06928420
06932000
06935755
06935770
06935830
06935850
06935890
06935955
06935980
06935997
06936475
07001910
07005000
07010022
07010030
07010035
07010055
07010061
07010070
07010075
07010082
07010086
07010090
07010094
07010097
07010180
07010208
07010350
07014000
07015720
07017200
07019072
07019090
07019120
07019150
07019175
07019195
07019220
07019317
07020550
07024000
07024500
07025400
07028960
07029270
07030240
07030392
07031692
07032200
07035000
07037300
07048550
07049000
07050152
07050690
07050700
07052000
07052100
07052120
07052152
07052345
07052820
07053250
07053810
07054080
07055646
07055875
07056515
07060710
07061270
07061290
07061900
07064440
07064533
07065200
07065495
07068510
07075000
07075300
07079300
07096250
07103700
07103780
07103797
07103800
07103980
07103990
07105000
07105490
07105600
07105900
07144480
07144910
07145700
07159750
07160350
07164600
07165562
07165565
07167500
07169800
07176500
07177800
07179500
07180500
07184000
07185090
07185095
07185700
07188653
07188838
07188885
07189100
07189540
07189542
07191160
07191179
07191220
07191222
07191288
07194800
07195000
07195800
07195865
07196000
07196900
07197000
07197360
07206000
07207500
07208500
07215500
07218000
07229300
07247000
07247015
07247250
07247500
07249400
07249800
07249920
07250935
07250965
07252000
07257006
07257500
07258500
07261000
07263295
07263296
07264000
07274000
07283000
07291000
07295000
07299670
07299890
07301410
07315200
07325800
07325840
07325850
07325860
07326000
07327442
07327447
07327550
07328180
07329780
07329852
07331200
07331300
07332390
07335700
07337900
07338750
07340300
07341200
07342480
07343000
07344450
07346045
07351500
07352000
07359610
07360200
07361500
07362100
07362587
07363400
07366200
07369500
07373000
07375000
07375280
07375800
07375960
07376000
07376500
07378000
07382000
07385700
08010000
08014800
08017200
08017300
08019500
08023080
08023200
08023400
08025500
08028000
08029500
08031000
08033900
08034500
08037050
08041700
08044000
08044800
08047050
08048970
08049580
08049700
08050400
08050800
08050840
08051500
08052700
08052745
08052780
08053009
08057200
08059000
08059350
08059400
08061540
08062800
08062895
08063100
08064700
08065200
08065800
08066200
08066300
08067500
08068275
08068325
08068390
08068400
08068450
08068720
08068740
08068780
08068800
08070000
08070200
08070500
08071000
08072300
08072730
08075730
08075763
08076997
08078000
08082700
08083100
08086050
08092000
08094800
08095300
08095400
08099300
08103900
08104700
08104900
08109800
08110325
08110430
08111700
08115000
08116400
08120500
08150800
08152000
08152900
08154700
08155240
08155300
08155400
08155541
08158035
08158200
08158380
08158600
08158700
08158810
08158827
08158840
08158860
08158970
08159000
08160800
08162600
08163500
08164300
08164450
08164503
08164504
08164600
08164800
08165300
08165500
08166000
08168797
08169000
08170500
08171000
08172400
08173000
08176900
08177300
08177700
08178000
08178800
08178880
08181400
08181480
08183900
08185065
08185100
08189700
08196000
08198500
08200000
08201500
08255500
08265000
08266820
08267500
08269000
08271000
08275500
08276300
08277470
08279000
08294210
08315480
08316000
08317200
08377900
08378500
08380500
08387000
08405500
08477110
08481500
09021000
09022000
09024000
09025000
09025300
09026500
09032000
09032100
09034900
09035500
09036000
09038500
09041400
09046490
09046600
09047700
09050100
09050700
09051050
09065500
09066200
09066300
09066325
09066510
09067200
09073300
09073400
09080400
09081600
09109000
09143500
09146020
09146200
09147000
09147025
09172500
09183500
09183600
09196500
09220000
09237500
09261700
09266500
09277500
09279000
09288000
09291000
09292000
09296800
09306242
09306255
09310700
09329050
09342500
09353800
09358550
09367000
09371492
09371520
09372000
09383400
09386900
09390500
09397500
09399400
09403600
09404208
09404222
09404450
09404900
09405500
09408000
09409100
09410100
09419696
09423350
09430600
09447800
09470700
09470750
09470800
09471310
09471380
09471400
09478500
09484000
09484500
09484550
09484580
09485000
09492400
09497800
09497980
09498501
09498503
09502800
09502960
09503000
09503300
09504420
09504500
09505200
09505350
09505800
09507980
09508300
09510200
09512280
09512450
09513780
10105900
10109000
10109001
10113500
10129300
10129500
10131000
10132500
10133600
10133650
10133800
10133980
10134500
10137500
10140100
10142000
10146000
10146400
10149000
10149400
10153100
10154200
10155000
10155200
10156000
10164500
10166430
10168000
10172200
10172700
10172800
10172870
10172952
10173450
10174500
10194200
10215900
10234500
10242000
10243260
10243700
10244950
10246846
10249300
10256500
10257500
10257548
10257720
10258000
10258500
10259000
10259200
10260500
10260950
10265150
10289000
10289500
10290500
10291500
10293000
10296000
10296500
10308200
10308783
10308789
10308794
10309000
10310000
10310500
10311100
10311200
10311300
10316500
10321590
10321940
10321950
10322000
10322150
10329500
103366092
10336610
10336645
10336660
10336676
10336698
10336730
10336780
10338500
10338700
10340500
10343000
10343500
10348850
10349300
10349849
10352500
10396000
11014000
11015000
11022200
11022480
11023340
11025500
11028500
11042400
11044250
11044350
11044800
11045300
11046360
11046530
11047300
11048600
11051499
11055500
11055800
11057500
11058500
11058600
11060400
11063510
11063680
11065000
11069500
11073300
11073495
11075720
11085000
11088500
11089500
11092450
11097000
11098000
11109600
11111500
11113000
11113500
11118500
11119500
11119940
11120500
11120520
11123000
11123500
11124500
11129800
11132500
11135800
11137900
11141050
11141280
11143000
11143200
11143250
11148900
11149400
11149900
11151300
11152000
11153000
11153650
11156500
11159200
11160000
11160500
11161000
11162500
11162570
11162620
11162630
11164500
11169025
11169500
11169800
11170000
11172175
11172945
11173200
11173500
11173510
11173575
11174000
11176400
11176500
11180825
11180900
11180960
11181000
11181008
11181040
11182500
11200800
11203580
11204100
11224500
11253310
11264500
11266500
11274500
11274630
11274790
11277300
11278000
11278300
11278400
11284400
11345500
11372000
11376550
11379500
11381500
11383500
11390000
11402000
11413000
11427000
11447360
11449500
11451300
11453500
11456000
11458000
11458433
11458500
11459500
11460000
11460400
11460600
11460750
11461500
11462500
11463170
11463200
11463900
11465350
11465680
11465700
11465750
11466320
11466800
11467200
11467510
11468000
11468500
11468900
11469000
11475560
11475800
11476600
11478500
11480390
11481200
11481500
11482500
11521500
11525530
11525670
12010000
12013500
12020000
12025000
12025700
12026150
12026400
12035000
12035400
12036000
12037400
12039500
12041200
12043000
12043300
12045500
12048000
12054000
12056500
12058790
12060500
12073500
12076800
12079000
12080010
12082500
12083000
12086500
12087000
12088000
12090500
12091200
12091500
12092000
12093500
12094000
12095000
12097500
12105900
12106700
12108500
12112600
12113349
12114500
12115000
12115500
12116400
12116500
12117000
12117500
12117600
12119000
12120600
12121600
12137290
12137800
12138160
12141300
12142000
12143400
12143700
12143900
12144000
12144500
12145500
12147600
12148000
12148500
12155300
12157250
12158010
12158040
12167000
12175500
12179900
12182500
12186000
12201500
12201950
12202300
12202310
12205000
12208000
12209490
12210000
12210900
12323250
12323600
12323670
12323710
12323720
12323760
12323770
12323850
12338300
12342500
12354000
12366000
12377150
12390700
12411000
12413125
12413130
12413210
12413355
12413470
12414900
12422990
12447390
12448998
12451000
12452800
12452890
12456500
12458000
12464800
12465400
12488500
12502500
13011500
13016305
13016450
13018350
13039500
13047500
13047600
13075000
13075983
13092747
13120000
13135500
13150430
13159800
13161500
13162225
13174500
13237920
13239000
13265500
13295000
13297330
13297350
13297355
13331500
13335050
13339500
13342450
13345000
13348000
14013000
14013700
14015000
14020000
14034470
14034500
14034608
14046778
14091500
14092750
14093000
14096850
14107000
14113200
14120000
14137000
14138720
14138800
14138870
14138900
14139800
14140000
14141500
14142800
14150800
14151000
14152500
14153500
14154500
14155500
14158500
14158790
14158850
14159200
14159500
14161500
14162200
14163000
14164700
14165000
14166500
14169000
14171000
14173500
14178000
14179000
14180300
14182500
14185000
14185900
14187000
14188800
14190500
14198400
14198500
14199704
14200000
14201340
14201500
14203500
14206900
14206950
14208700
14209000
14211400
14211499
14211500
14211550
14216000
14216500
14219000
14219800
14222500
14226500
14236200
14240525
14299800
14301500
14302480
14302900
14303200
14303600
14305500
14306340
14306500
14308500
14308990
14309000
14309500
14313200
14313700
14314500
14314700
14315500
14315700
14315950
14316495
14316700
14320934
14325000
14330000
14332000
14337500
14338000
14353500
14354200
14357500
14362000
14362250
14375100
14377100
14400000
393109104464500
394839104570300
401733105392404
402114105350101
402913084285400
